2094
3609
1644
2001
294
4384
733
1120
1398
477
4269
3073
3813
1712
4459
3597
1292
688
2473
287
4849
2975
2796
3299
840
2882
747
3707
4637
3456
4604
3791
524
2977
910
917
2777
1571
2383
1023
1086
2759
550
1223
2150
975
88
3150
2876
3483
2358
631
1732
1676
1850
546
364
3569
2640
4537
4475
3751
307
1574
4206
793
2114
1993
1020
2447
1362
2091
3086
835
3515
3732
1390
4534
1048
3859
1914
2501
2697
644
1652
4753
3198
473
3967
2179
1719
4610
1597
2940
2384
1081
4127
372
4582
2094
3344
1187
2321
851
3464
566
3928
4511
955
4896
758
4763
1051
3011
3684
1132
952
4980
3373
4941
464
3215
1245
3618
1043
904
1178
622
2081
3037
4657
3562
3512
1853
2109
2331
2336
1578
1829
1218
1732
2219
1293
2787
902
513
2377
1613
1681
2381
1847
3921
1617
2833
2508
176
3811
1968
3283
2054
4627
4436
2376
1689
1699
1175
303
627
1251
1651
3041
539
2721
3938
1737
2230
494
90
4611
3964
4364
4452
2752
3909
1329
327
267
4243
2445
3223
2576
4181
3511
4443
2152
3489
3307
4445
2948
2335
4057
2796
698
2992
1452
657
1521
779
4032
1884
2606
1237
1916
1003
2574
1703
3253
3596
3137
688
347
3433
2134
595
97
1009
3689
4506
2527
764
4098
4853
3269
2453
2968
1999
1253
1481
1518
927
1016
2314
2029
2789
1877
658
1557
2552
3241
2099
1914
3217
4292
303
1530
4869
1331
3835
2034
3703
4886
2051
421
2980
2106
1369
937
722
2081
1680
385
137
4109
2697
417
2848
2226
2619
265
782
4848
1598
3586
1475
993
3262
109
4779
228
1370
2487
3622
451
2121
3590
3296
3018
961
195
2788
2960
4470
440
513
2206
3519
3981
1581
1899
4549
2417
3899
3124
3269
4668
164
2589
720
3035
211
4985
4821
777
3886
4664
431
1299
2016
1629
1254
4592
2979
3879
3284
3482
1361
2740
2214
364
3804
3340
4106
3490
4842
4799
4796
2526
336
2224
1991
1257
3375
3807
4989
3218
441
4209
3190
4479
3301
699
2956
1550
3152
3489
1750
4775
2496
1544
3002
4266
1976
80
3111
3777
774
2172
1458
780
2815
2327
2309
4372
69
167
1607
3794
659
2409
4712
2992
3700
302
2520
2724
25
1142
1042
683
4059
2918
1495
4861
752
2197
2076
1679
2831
2713
1338
1712
2007
2212
3651
298
1099
4237
2927
3931
3741
3099
644
3179
3418
4207
4305
2879
1589
9
3652
1679
430
1757
3941
4865
4847
3517
3411
2124
1393
354
2063
341
2548
3410
4954
3020
4503
2638
4869
4325
537
722
786
2600
2877
4057
2397
158
3173
1663
3877
1286
4364
3219
3569
1247
3950
4569
4759
507
3262
2683
924
1267
4970
1944
936
2649
777
34
612
1449
674
2950
381
4791
4040
3621
4479
2956
2539
338
1948
2147
2235
1075
922
4148
3431
1165
299
4164
4542
4283
707
2554
1013
801
4627
2594
3439
4780
1193
4041
2523
1503
1431
985
1107
1367
1313
4581
1243
682
258
4276
99
4983
3050
2801
357
938
2845
2551
1715
1151
2516
2141
1991
1896
1617
3174
964
3345
99
2427
1653
125
994
3948
694
628
3240
4763
3055
1534
1036
4137
1492
4896
606
3405
2114
176
1301
1654
34
3975
1874
1188
1869
1070
895
1193
4738
4563
3406
3806
1993
2499
1468
2640
3569
3747
49
216
4355
2439
3328
185
489
3163
1117
4514
1917
424
1629
575
3186
376
1731
1515
241
4499
4948
3346
2807
4745
3661
4946
536
3864
2392
1017
997
4320
3748
2849
382
355
1154
494
3072
3593
2395
1074
4183
1512
4229
2889
837
4873
3868
1667
1569
1820
1258
2022
2999
4796
2043
2419
3439
100
1574
978
2418
3492
1757
1485
412
4212
4035
299
651
3969
4866
1577
3778
1541
479
3558
3254
225
3397
804
450
3451
39
4891
2152
4632
4079
1088
4479
314
2340
2667
1622
217
2551
559
3231
3196
1353
4390
4166
2251
593
4209
1288
494
3984
3506
505
4522
4855
4735
821
2461
2663
493
2913
414
3142
3151
547
2025
2999
2011
4317
4803
4431
2624
3971
3277
1070
3294
3173
1411
2681
3933
1760
1717
3320
3843
370
2692
2465
487
1759
3382
1471
831
1317
4074
3633
79
2404
2984
924
1066
117
4403
3786
4275
466
2168
3647
4000
7
2304
3065
4968
374
904
4162
2305
1677
4931
2948
3452
968
842
4350
4940
1124
1778
497
2951
2403
2433
1105
1532
571
693
609
4582
3224
1634
757
2036
4172
2199
3055
643
1189
4824
960
3981
1304
2467
377
340
4088
1059
3876
3126
3902
1316
4674
3330
3334
4335
3153
3847
3846
3659
672
3631
4836
4194
2117
1946
1751
1646
923
1962
3105
284
27
4953
3921
4320
3546
4006
1434
4761
4958
1384
1402
815
531
3428
335
1889
4637
807
4761
4654
1138
995
4625
3067
42
678
844
1688
2892
3981
2781
3050
880
2673
3649
4535
2773
2848
948
2251
2241
626
4043
184
522
3339
2670
3833
311
3901
782
4379
3017
569
1937
3055
4053
2025
1434
155
4618
3168
2115
3279
3868
3940
2963
926
3155
1618
4692
1364
4144
4432
1365
3656
3615
3469
4592
2173
2109
1103
4063
1670
254
602
3116
2755
1725
1591
3691
4160
3713
1171
4390
297
4494
1657
3919
1710
2594
2927
1643
3203
2351
2346
4265
3357
1992
4882
2280
1524
4431
2333
2347
3137
4824
283
1479
2999
939
2956
290
646
3595
2579
2040
4690
4132
2196
4823
590
715
4383
2445
2308
372
4190
3303
2935
2484
2235
1164
1614
4465
527
4697
4351
1895
3183
1596
1061
4540
2716
2011
4926
92
881
134
3414
1515
3185
3442
560
1555
3860
1599
2360
2469
2679
959
263
551
4309
440
2833
4224
2803
2641
